,Signal_Z,Latency_Z,Required_Bandwidth,Allocated_Bandwidth,BW_Util_Ratio,Resource_Allocation
Signal_Z,1.0,-0.39267610254741914,-0.38031990854655146,-0.37682996596647267,0.006250079869979105,0.3035804926700813
Latency_Z,-0.39267610254741914,1.0,0.3360978984427811,0.3330899507706221,0.14721416900015113,-0.13784777576856636
Required_Bandwidth,-0.38031990854655146,0.3360978984427811,1.0,0.9990342933953633,-0.19836963637802046,-0.4946995539145567
Allocated_Bandwidth,-0.37682996596647267,0.3330899507706221,0.9990342933953633,1.0,-0.18387635929630602,-0.46843614710083203
BW_Util_Ratio,0.006250079869979105,0.14721416900015113,-0.19836963637802046,-0.18387635929630602,1.0,0.29562407328513574
Resource_Allocation,0.3035804926700813,-0.13784777576856636,-0.4946995539145567,-0.46843614710083203,0.29562407328513574,1.0
